t(s),H2,N2,NH3
1.000000e-15,1.004492e-40,3.241590e-87,1.000000e+00
1.450000e-15,6.438414e-40,1.674428e-86,1.000000e+00
1.900000e-15,1.729243e-39,6.153612e-86,1.000000e+00
2.350000e-15,4.671052e-39,2.769909e-85,1.000000e+00
2.800000e-15,9.639475e-39,7.850582e-85,1.000000e+00
3.250000e-15,1.949552e-38,2.342942e-84,1.000000e+00
3.700000e-15,3.461326e-38,5.800446e-84,1.000000e+00
4.150000e-15,5.989034e-38,1.496011e-83,1.000000e+00
4.600000e-15,9.503215e-38,3.144102e-83,1.000000e+00
5.050000e-15,1.465216e-37,6.754903e-83,1.000000e+00
5.500000e-15,2.175243e-37,1.349766e-82,1.000000e+00
5.950000e-15,3.157848e-37,2.660617e-82,1.000000e+00
6.400000e-15,4.472404e-37,4.995196e-82,1.000000e+00
6.850000e-15,6.213239e-37,9.180892e-82,1.000000e+00
7.300000e-15,8.531774e-37,2.127835e-81,1.000000e+00
7.750000e-15,1.160354e-36,4.849037e-81,1.000000e+00
8.200000e-15,1.546610e-36,8.898413e-81,1.000000e+00
8.650000e-15,2.020245e-36,1.439021e-80,1.000000e+00
9.100000e-15,2.589560e-36,2.143867e-80,1.000000e+00
9.550000e-15,3.290765e-36,3.375237e-80,1.000000e+00
1.000000e-14,4.161353e-36,5.520478e-80,1.000000e+00
1.450000e-14,2.611816e-35,1.566305e-78,1.000000e+00
1.900000e-14,9.969576e-35,2.226768e-77,1.000000e+00
2.350000e-14,2.917726e-34,2.499472e-76,1.000000e+00
2.800000e-14,7.237966e-34,1.967133e-75,1.000000e+00
3.250000e-14,1.512651e-33,7.513379e-75,1.000000e+00
3.700000e-14,2.874099e-33,2.394995e-74,1.000000e+00
4.150000e-14,5.008866e-33,6.095326e-74,1.000000e+00
4.600000e-14,8.266295e-33,1.472867e-73,1.000000e+00
5.050000e-14,1.305932e-32,3.407911e-73,1.000000e+00
5.500000e-14,1.988714e-32,7.608256e-73,1.000000e+00
5.950000e-14,2.934507e-32,1.627455e-72,1.000000e+00
6.400000e-14,4.210479e-32,3.307065e-72,1.000000e+00
6.850000e-14,5.894494e-32,6.343708e-72,1.000000e+00
7.300000e-14,8.079635e-32,1.181063e-71,1.000000e+00
7.750000e-14,1.086717e-31,2.106558e-71,1.000000e+00
8.200000e-14,1.437617e-31,3.652795e-71,1.000000e+00
8.650000e-14,1.873767e-31,6.161818e-71,1.000000e+00
9.100000e-14,2.409810e-31,1.012475e-70,1.000000e+00
9.550000e-14,3.062180e-31,1.651613e-70,1.000000e+00
1.000000e-13,3.848454e-31,2.617411e-70,1.000000e+00
1.450000e-13,2.430089e-30,1.061382e-68,1.000000e+00
1.900000e-13,9.255919e-30,1.568491e-67,1.000000e+00
2.350000e-13,2.641491e-29,1.291346e-66,1.000000e+00
2.800000e-13,6.254853e-29,7.332328e-66,1.000000e+00
3.250000e-13,1.299445e-28,3.180602e-65,1.000000e+00
3.700000e-13,2.450847e-28,1.143939e-64,1.000000e+00
4.150000e-13,4.291011e-28,3.565747e-64,1.000000e+00
4.600000e-13,7.081901e-28,9.923180e-64,1.000000e+00
5.050000e-13,1.114000e-27,2.505773e-63,1.000000e+00
5.500000e-13,1.683974e-27,5.828888e-63,1.000000e+00
5.950000e-13,2.461649e-27,1.266610e-62,1.000000e+00
6.400000e-13,3.496917e-27,2.599200e-62,1.000000e+00
6.850000e-13,4.846256e-27,5.078114e-62,1.000000e+00
7.300000e-13,6.572936e-27,9.505159e-62,1.000000e+00
7.750000e-13,8.747190e-27,1.713237e-61,1.000000e+00
8.200000e-13,1.144636e-26,2.986141e-61,1.000000e+00
8.650000e-13,1.475503e-26,5.051051e-61,1.000000e+00
9.100000e-13,1.876510e-26,8.316567e-61,1.000000e+00
9.550000e-13,2.357589e-26,1.336353e-60,1.000000e+00
1.000000e-12,2.929417e-26,2.100307e-60,1.000000e+00
1.450000e-12,1.652541e-25,7.963158e-59,1.000000e+00
1.900000e-12,5.646480e-25,1.099729e-57,1.000000e+00
2.350000e-12,1.452487e-24,8.544771e-57,1.000000e+00
2.800000e-12,3.113811e-24,4.578682e-56,1.000000e+00
3.250000e-12,5.881899e-24,1.892127e-55,1.000000e+00
3.700000e-12,1.012708e-23,6.454749e-55,1.000000e+00
4.150000e-12,1.624712e-23,1.900409e-54,1.000000e+00
4.600000e-12,2.465954e-23,4.979407e-54,1.000000e+00
5.050000e-12,3.579559e-23,1.186988e-53,1.000000e+00
5.500000e-12,5.009578e-23,2.616771e-53,1.000000e+00
5.950000e-12,6.800659e-23,5.402081e-53,1.000000e+00
6.400000e-12,8.997817e-23,1.054544e-52,1.000000e+00
6.850000e-12,1.164627e-22,1.961741e-52,1.000000e+00
7.300000e-12,1.479133e-22,3.499525e-52,1.000000e+00
7.750000e-12,1.847833e-22,6.017195e-52,1.000000e+00
8.200000e-12,2.275260e-22,1.001481e-51,1.000000e+00
8.650000e-12,2.765940e-22,1.619211e-51,1.000000e+00
9.100000e-12,3.324396e-22,2.550856e-51,1.000000e+00
9.550000e-12,3.955144e-22,3.925623e-51,1.000000e+00
1.000000e-11,4.662693e-22,5.914713e-51,1.000000e+00
1.450000e-11,1.695179e-21,1.541578e-49,1.000000e+00
1.900000e-11,4.186357e-21,1.568551e-48,1.000000e+00
2.350000e-11,8.389429e-21,9.445174e-48,1.000000e+00
2.800000e-11,1.475569e-20,4.073909e-47,1.000000e+00
3.250000e-11,2.373836e-20,1.395368e-46,1.000000e+00
3.700000e-11,3.579262e-20,4.037607e-46,1.000000e+00
4.150000e-11,5.137565e-20,1.027324e-45,1.000000e+00
4.600000e-11,7.094654e-20,2.362007e-45,1.000000e+00
5.050000e-11,9.496640e-20,5.004302e-45,1.000000e+00
5.500000e-11,1.238983e-19,9.910909e-45,1.000000e+00
5.950000e-11,1.582072e-19,1.854861e-44,1.000000e+00
6.400000e-11,1.983600e-19,3.308726e-44,1.000000e+00
6.850000e-11,2.448259e-19,5.663519e-44,1.000000e+00
7.300000e-11,2.980755e-19,9.351883e-44,1.000000e+00
7.750000e-11,3.585819e-19,1.496227e-43,1.000000e+00
8.200000e-11,4.268197e-19,2.329326e-43,1.000000e+00
8.650000e-11,5.032659e-19,3.539024e-43,1.000000e+00
9.100000e-11,5.883991e-19,5.259977e-43,1.000000e+00
9.550000e-11,6.827000e-19,7.659948e-43,1.000000e+00
1.000000e-10,7.866512e-19,1.095267e-42,1.000000e+00
1.450000e-10,2.464514e-18,1.953754e-41,1.000000e+00
1.900000e-10,5.652823e-18,1.497325e-40,1.000000e+00
2.350000e-10,1.086637e-17,7.341257e-40,1.000000e+00
2.800000e-10,1.863934e-17,2.652276e-39,1.000000e+00
3.250000e-10,2.952518e-17,7.805496e-39,1.000000e+00
3.700000e-10,4.409653e-17,1.990881e-38,1.000000e+00
4.150000e-10,6.294507e-17,4.563826e-38,1.000000e+00
4.600000e-10,8.668147e-17,9.582606e-38,1.000000e+00
5.050000e-10,1.159352e-16,1.877140e-37,1.000000e+00
5.500000e-10,1.513546e-16,3.454776e-37,1.000000e+00
5.950000e-10,1.936064e-16,6.051850e-37,1.000000e+00
6.400000e-10,2.433759e-16,1.014858e-36,1.000000e+00
6.850000e-10,3.013668e-16,1.640935e-36,1.000000e+00
7.300000e-10,3.683010e-16,2.570598e-36,1.000000e+00
7.750000e-10,4.449185e-16,3.916584e-36,1.000000e+00
8.200000e-10,5.319771e-16,5.825964e-36,1.000000e+00
8.650000e-10,6.302526e-16,8.476131e-36,1.000000e+00
9.100000e-10,7.405382e-16,1.210800e-35,1.000000e+00
9.550000e-10,8.636447e-16,1.702383e-35,1.000000e+00
1.000000e-09,1.000400e-15,2.354171e-35,1.000000e+00
1.450000e-09,3.313013e-15,3.051642e-34,1.000000e+00
1.900000e-09,8.024747e-15,1.919162e-33,1.000000e+00
2.350000e-09,1.622622e-14,8.010423e-33,1.000000e+00
2.800000e-09,2.914735e-14,2.566021e-32,1.000000e+00
3.250000e-09,4.814206e-14,6.833691e-32,1.000000e+00
3.700000e-09,7.467379e-14,1.588337e-31,1.000000e+00
4.150000e-09,1.103022e-13,3.325794e-31,1.000000e+00
4.600000e-09,1.566713e-13,6.412056e-31,1.000000e+00
5.050000e-09,2.154983e-13,1.156264e-30,1.000000e+00
5.500000e-09,2.885643e-13,1.972994e-30,1.000000e+00
5.950000e-09,3.777058e-13,3.214069e-30,1.000000e+00
6.400000e-09,4.848073e-13,5.033235e-30,1.000000e+00
6.850000e-09,6.117943e-13,7.618820e-30,1.000000e+00
7.300000e-09,7.606285e-13,1.119704e-29,1.000000e+00
7.750000e-09,9.333017e-13,1.603512e-29,1.000000e+00
8.200000e-09,1.131832e-12,2.244411e-29,1.000000e+00
8.650000e-09,1.358261e-12,3.078157e-29,1.000000e+00
9.100000e-09,1.614648e-12,4.145389e-29,1.000000e+00
9.550000e-09,1.903067e-12,5.491844e-29,1.000000e+00
1.000000e-08,2.225609e-12,7.168542e-29,1.000000e+00
1.450000e-08,7.792577e-12,5.736389e-28,1.000000e+00
1.900000e-08,1.909775e-11,2.396756e-27,1.000000e+00
2.350000e-08,3.820794e-11,7.011273e-27,1.000000e+00
2.800000e-08,6.706792e-11,1.641411e-26,1.000000e+00
3.250000e-08,1.074550e-10,3.303364e-26,1.000000e+00
3.700000e-08,1.609570e-10,5.963090e-26,1.000000e+00
4.150000e-08,2.289671e-10,9.921232e-26,1.000000e+00
4.600000e-08,3.126903e-10,1.549589e-25,1.000000e+00
5.050000e-08,4.131561e-10,2.301715e-25,1.000000e+00
5.500000e-08,5.312361e-10,3.282303e-25,1.000000e+00
5.950000e-08,6.676618e-10,4.525656e-25,1.000000e+00
6.400000e-08,8.230430e-10,6.066369e-25,1.000000e+00
6.850000e-08,9.978852e-10,7.939196e-25,1.000000e+00
7.300000e-08,1.192605e-09,1.017895e-24,1.000000e+00
7.750000e-08,1.407545e-09,1.282046e-24,1.000000e+00
8.200000e-08,1.642984e-09,1.589853e-24,1.000000e+00
8.650000e-08,1.899152e-09,1.944789e-24,1.000000e+00
9.100000e-08,2.176232e-09,2.350325e-24,1.000000e+00
9.550000e-08,2.474375e-09,2.809925e-24,1.000000e+00
1.000000e-07,2.793703e-09,3.327049e-24,1.000000e+00
1.450000e-07,7.166506e-09,1.242059e-23,1.000000e+00
1.900000e-07,1.370031e-08,3.105386e-23,1.000000e+00
2.350000e-07,2.239957e-08,6.266858e-23,1.000000e+00
2.800000e-07,3.326345e-08,1.107148e-22,1.000000e+00
3.250000e-07,4.629049e-08,1.786527e-22,1.000000e+00
3.700000e-07,6.147917e-08,2.699525e-22,9.999999e-01
4.150000e-07,7.882797e-08,3.880947e-22,9.999999e-01
4.600000e-07,9.833533e-08,5.365717e-22,9.999999e-01
5.050000e-07,1.199997e-07,7.188847e-22,9.999999e-01
5.500000e-07,1.438196e-07,9.385454e-22,9.999999e-01
5.950000e-07,1.697934e-07,1.199075e-21,9.999998e-01
6.400000e-07,1.979196e-07,1.504003e-21,9.999998e-01
6.850000e-07,2.281966e-07,1.856870e-21,9.999998e-01
7.300000e-07,2.606229e-07,2.261233e-21,9.999997e-01
7.750000e-07,2.951969e-07,2.720650e-21,9.999997e-01
8.200000e-07,3.319171e-07,3.238695e-21,9.999997e-01
8.650000e-07,3.707819e-07,3.818959e-21,9.999996e-01
9.100000e-07,4.117896e-07,4.465021e-21,9.999996e-01
9.550000e-07,4.549388e-07,5.180501e-21,9.999995e-01
1.000000e-06,5.002279e-07,5.968996e-21,9.999995e-01
1.450000e-06,1.070462e-06,1.867242e-20,9.999989e-01
1.900000e-06,1.852930e-06,4.272961e-20,9.999981e-01
2.350000e-06,2.846008e-06,8.192441e-20,9.999972e-01
2.800000e-06,4.048053e-06,1.401440e-19,9.999960e-01
3.250000e-06,5.457393e-06,2.213794e-19,9.999945e-01
3.700000e-06,7.072337e-06,3.297255e-19,9.999929e-01
4.150000e-06,8.891175e-06,4.693812e-19,9.999911e-01
4.600000e-06,1.091218e-05,6.446502e-19,9.999891e-01
5.050000e-06,1.313360e-05,8.599408e-19,9.999869e-01
5.500000e-06,1.555367e-05,1.119766e-18,9.999844e-01
5.950000e-06,1.817063e-05,1.428744e-18,9.999818e-01
6.400000e-06,2.098268e-05,1.791598e-18,9.999790e-01
6.850000e-06,2.398802e-05,2.213158e-18,9.999760e-01
7.300000e-06,2.718485e-05,2.698357e-18,9.999728e-01
7.750000e-06,3.057136e-05,3.252237e-18,9.999694e-01
8.200000e-06,3.414571e-05,3.879942e-18,9.999659e-01
8.650000e-06,3.790608e-05,4.586726e-18,9.999621e-01
9.100000e-06,4.185064e-05,5.377947e-18,9.999581e-01
9.550000e-06,4.597755e-05,6.259069e-18,9.999540e-01
1.000000e-05,5.028498e-05,7.235663e-18,9.999497e-01
1.450000e-05,1.028829e-04,2.355433e-17,9.998971e-01
1.900000e-05,1.715252e-04,5.633999e-17,9.998285e-01
2.350000e-05,2.544562e-04,1.129245e-16,9.997455e-01
2.800000e-05,3.500332e-04,2.017058e-16,9.996500e-01
3.250000e-05,4.567494e-04,3.321428e-16,9.995433e-01
3.700000e-05,5.732418e-04,5.147486e-16,9.994268e-01
4.150000e-05,6.982897e-04,7.610827e-16,9.993017e-01
4.600000e-05,8.308070e-04,1.083744e-15,9.991692e-01
5.050000e-05,9.698318e-04,1.496363e-15,9.990302e-01
5.500000e-05,1.114515e-03,2.013597e-15,9.988855e-01
5.950000e-05,1.264107e-03,2.651123e-15,9.987359e-01
6.400000e-05,1.417949e-03,3.425635e-15,9.985821e-01
6.850000e-05,1.575461e-03,4.354838e-15,9.984245e-01
7.300000e-05,1.736132e-03,5.457448e-15,9.982639e-01
7.750000e-05,1.899511e-03,6.753191e-15,9.981005e-01
8.200000e-05,2.065202e-03,8.262797e-15,9.979348e-01
8.650000e-05,2.232853e-03,1.000800e-14,9.977671e-01
9.100000e-05,2.402157e-03,1.201156e-14,9.975978e-01
9.550000e-05,2.572838e-03,1.429722e-14,9.974272e-01
1.000000e-04,2.744655e-03,1.688974e-14,9.972553e-01
1.450000e-04,4.488102e-03,6.586779e-14,9.955119e-01
1.900000e-04,6.211082e-03,1.803890e-13,9.937889e-01
2.350000e-04,7.872136e-03,4.024593e-13,9.921279e-01
2.800000e-04,9.459776e-03,7.851857e-13,9.905402e-01
3.250000e-04,1.097326e-02,1.393383e-12,9.890267e-01
3.700000e-04,1.241583e-02,2.304208e-12,9.875842e-01
4.150000e-04,1.379208e-02,3.607811e-12,9.862079e-01
4.600000e-04,1.510723e-02,5.408005e-12,9.848928e-01
5.050000e-04,1.636644e-02,7.823288e-12,9.836336e-01
5.500000e-04,1.757332e-02,1.098688e-11,9.824267e-01
5.950000e-04,1.873187e-02,1.504742e-11,9.812681e-01
6.400000e-04,1.984572e-02,2.016967e-11,9.801543e-01
6.850000e-04,2.091813e-02,2.653517e-11,9.790819e-01
7.300000e-04,2.195204e-02,3.434286e-11,9.780480e-01
7.750000e-04,2.295009e-02,4.380964e-11,9.770499e-01
8.200000e-04,2.391468e-02,5.517098e-11,9.760853e-01
8.650000e-04,2.484796e-02,6.868157e-11,9.751520e-01
9.100000e-04,2.575190e-02,8.461582e-11,9.742481e-01
9.550000e-04,2.662828e-02,1.032685e-10,9.733717e-01
1.000000e-03,2.747873e-02,1.249554e-10,9.725213e-01
1.450000e-03,3.483086e-02,5.942597e-10,9.651691e-01
1.900000e-03,4.067360e-02,1.891156e-09,9.593264e-01
2.350000e-03,4.551549e-02,4.762318e-09,9.544845e-01
2.800000e-03,4.964371e-02,1.027926e-08,9.503563e-01
3.250000e-03,5.323696e-02,1.988534e-08,9.467630e-01
3.700000e-03,5.641419e-02,3.543969e-08,9.435858e-01
4.150000e-03,5.925869e-02,5.925867e-08,9.407413e-01
4.600000e-03,6.183106e-02,9.415477e-08,9.381688e-01
5.050000e-03,6.417678e-02,1.434736e-07,9.358231e-01
5.500000e-03,6.633089e-02,2.111286e-07,9.336689e-01
5.950000e-03,6.832089e-02,3.016344e-07,9.316788e-01
6.400000e-03,7.016884e-02,4.201382e-07,9.298307e-01
6.850000e-03,7.189262e-02,5.724493e-07,9.281068e-01
7.300000e-03,7.350699e-02,7.650676e-07,9.264922e-01
7.750000e-03,7.502423e-02,1.005211e-06,9.249748e-01
8.200000e-03,7.645470e-02,1.300838e-06,9.235440e-01
8.650000e-03,7.780719e-02,1.660678e-06,9.221912e-01
9.100000e-03,7.908921e-02,2.094244e-06,9.209087e-01
9.550000e-03,8.030729e-02,2.611862e-06,9.196901e-01
1.000000e-02,8.146707e-02,3.224688e-06,9.185297e-01
1.450000e-02,9.071014e-02,1.766614e-05,9.092722e-01
1.900000e-02,9.724560e-02,6.047477e-05,9.026939e-01
2.350000e-02,1.022371e-01,1.570247e-04,8.976059e-01
2.800000e-02,1.062458e-01,3.377728e-04,8.934165e-01
3.250000e-02,1.095913e-01,6.305779e-04,8.897781e-01
3.700000e-02,1.124776e-01,1.051015e-03,8.864714e-01
4.150000e-02,1.150448e-01,1.596546e-03,8.833587e-01
4.600000e-02,1.173916e-01,2.248823e-03,8.803596e-01
5.050000e-02,1.195876e-01,2.981835e-03,8.774306e-01
5.500000e-02,1.216800e-01,3.769967e-03,8.745500e-01
5.950000e-02,1.237004e-01,4.592397e-03,8.717072e-01
6.400000e-02,1.256688e-01,5.434064e-03,8.688971e-01
6.850000e-02,1.275980e-01,6.284830e-03,8.661171e-01
7.300000e-02,1.294961e-01,7.138174e-03,8.633657e-01
7.750000e-02,1.313679e-01,7.990024e-03,8.606420e-01
8.200000e-02,1.332167e-01,8.837888e-03,8.579454e-01
8.650000e-02,1.350444e-01,9.680268e-03,8.552753e-01
9.100000e-02,1.368523e-01,1.051628e-02,8.526315e-01
9.550000e-02,1.386412e-01,1.134541e-02,8.500134e-01
1.000000e-01,1.404117e-01,1.216739e-02,8.474209e-01
1.450000e-01,1.571738e-01,1.998734e-02,8.228388e-01
1.900000e-01,1.723547e-01,2.711955e-02,8.005257e-01
2.350000e-01,1.861128e-01,3.362960e-02,7.802576e-01
2.800000e-01,1.985880e-01,3.957695e-02,7.618350e-01
3.250000e-01,2.099054e-01,4.501459e-02,7.450800e-01
3.700000e-01,2.201768e-01,4.998990e-02,7.298333e-01
4.150000e-01,2.295024e-01,5.454531e-02,7.159522e-01
4.600000e-01,2.379724e-01,5.871893e-02,7.033087e-01
5.050000e-01,2.456675e-01,6.254506e-02,6.917875e-01
5.500000e-01,2.526605e-01,6.605461e-02,6.812849e-01
5.950000e-01,2.590168e-01,6.927548e-02,6.717077e-01
6.400000e-01,2.647958e-01,7.223289e-02,6.629713e-01
6.850000e-01,2.700506e-01,7.494969e-02,6.549997e-01
7.300000e-01,2.748295e-01,7.744659e-02,6.477239e-01
7.750000e-01,2.791762e-01,7.974238e-02,6.410814e-01
8.200000e-01,2.831301e-01,8.185411e-02,6.350158e-01
8.650000e-01,2.867269e-01,8.379733e-02,6.294758e-01
9.100000e-01,2.899990e-01,8.558616e-02,6.244148e-01
9.550000e-01,2.929759e-01,8.723347e-02,6.197906e-01
1.000000e+00,2.956842e-01,8.875101e-02,6.155647e-01
1.450000e+00,3.123720e-01,9.874437e-02,5.888836e-01
1.900000e+00,3.187917e-01,1.032869e-01,5.779214e-01
2.350000e+00,3.212026e-01,1.054105e-01,5.733869e-01
2.800000e+00,3.220687e-01,1.064302e-01,5.715011e-01
3.250000e+00,3.223547e-01,1.069326e-01,5.707126e-01
3.700000e+00,3.224331e-01,1.071863e-01,5.703807e-01
4.150000e+00,3.224431e-01,1.073172e-01,5.702397e-01
4.600000e+00,3.224348e-01,1.073860e-01,5.701792e-01
5.050000e+00,3.224243e-01,1.074228e-01,5.701529e-01
5.500000e+00,3.224160e-01,1.074427e-01,5.701412e-01
5.950000e+00,3.224104e-01,1.074536e-01,5.701360e-01
6.400000e+00,3.224068e-01,1.074596e-01,5.701336e-01
6.850000e+00,3.224046e-01,1.074630e-01,5.701324e-01
7.300000e+00,3.224033e-01,1.074648e-01,5.701319e-01
7.750000e+00,3.224026e-01,1.074658e-01,5.701316e-01
8.200000e+00,3.224021e-01,1.074664e-01,5.701314e-01
8.650000e+00,3.224019e-01,1.074668e-01,5.701314e-01
9.100000e+00,3.224017e-01,1.074669e-01,5.701313e-01
9.550000e+00,3.224016e-01,1.074670e-01,5.701313e-01
1.000000e+01,3.224016e-01,1.074671e-01,5.701313e-01
1.450000e+01,3.224015e-01,1.074672e-01,5.701313e-01
1.900000e+01,3.224015e-01,1.074672e-01,5.701313e-01
2.350000e+01,3.224015e-01,1.074672e-01,5.701313e-01
2.800000e+01,3.224015e-01,1.074672e-01,5.701313e-01
3.250000e+01,3.224015e-01,1.074672e-01,5.701313e-01
3.700000e+01,3.224015e-01,1.074672e-01,5.701313e-01
4.150000e+01,3.224015e-01,1.074672e-01,5.701313e-01
4.600000e+01,3.224015e-01,1.074672e-01,5.701313e-01
5.000000e+01,3.224015e-01,1.074672e-01,5.701313e-01
