t(s),H2,N2,NH3
1.000000e-15,4.361521e-42,1.424943e-89,1.000000e+00
1.450000e-15,6.110428e-41,1.576505e-88,1.000000e+00
1.900000e-15,2.079081e-40,5.166010e-88,1.000000e+00
2.350000e-15,4.074643e-40,1.004500e-87,1.000000e+00
2.800000e-15,6.597729e-40,1.621348e-87,1.000000e+00
3.250000e-15,1.144424e-39,3.010578e-87,1.000000e+00
3.700000e-15,1.866432e-39,5.340617e-87,1.000000e+00
4.150000e-15,3.087562e-39,1.095129e-86,1.000000e+00
4.600000e-15,4.847664e-39,2.122699e-86,1.000000e+00
5.050000e-15,7.458519e-39,4.147736e-86,1.000000e+00
5.500000e-15,1.120679e-38,9.018886e-86,1.000000e+00
5.950000e-15,1.653552e-38,1.898657e-85,1.000000e+00
6.400000e-15,2.340765e-38,3.386258e-85,1.000000e+00
6.850000e-15,3.222059e-38,5.795160e-85,1.000000e+00
7.300000e-15,4.400883e-38,1.039564e-84,1.000000e+00
7.750000e-15,5.871740e-38,1.702181e-84,1.000000e+00
8.200000e-15,7.670737e-38,2.611422e-84,1.000000e+00
8.650000e-15,9.962046e-38,4.333697e-84,1.000000e+00
9.100000e-15,1.275283e-37,6.794998e-84,1.000000e+00
9.550000e-15,1.610157e-37,1.013068e-83,1.000000e+00
1.000000e-14,2.016380e-37,1.549405e-83,1.000000e+00
1.450000e-14,1.289468e-36,7.767777e-82,1.000000e+00
1.900000e-14,5.092483e-36,1.384662e-80,1.000000e+00
2.350000e-14,1.466824e-35,9.391632e-80,1.000000e+00
2.800000e-14,3.476033e-35,4.558926e-79,1.000000e+00
3.250000e-14,7.208856e-35,1.786764e-78,1.000000e+00
3.700000e-14,1.361721e-34,5.899100e-78,1.000000e+00
4.150000e-14,2.398603e-34,1.728280e-77,1.000000e+00
4.600000e-14,3.994134e-34,4.604510e-77,1.000000e+00
5.050000e-14,6.349452e-34,1.134930e-76,1.000000e+00
5.500000e-14,9.708111e-34,2.612026e-76,1.000000e+00
5.950000e-14,1.436485e-33,5.901211e-76,1.000000e+00
6.400000e-14,2.066306e-33,1.251529e-75,1.000000e+00
6.850000e-14,2.899200e-33,2.459168e-75,1.000000e+00
7.300000e-14,3.982458e-33,4.726517e-75,1.000000e+00
7.750000e-14,5.364785e-33,8.403265e-75,1.000000e+00
8.200000e-14,7.107905e-33,1.480649e-74,1.000000e+00
8.650000e-14,9.274712e-33,2.489662e-74,1.000000e+00
9.100000e-14,1.193858e-32,4.080515e-74,1.000000e+00
9.550000e-14,1.518156e-32,6.550613e-74,1.000000e+00
1.000000e-13,1.909078e-32,1.022470e-73,1.000000e+00
1.450000e-13,1.213574e-31,4.389890e-72,1.000000e+00
1.900000e-13,4.645654e-31,6.172996e-71,1.000000e+00
2.350000e-13,1.332623e-30,5.012809e-70,1.000000e+00
2.800000e-13,3.173004e-30,2.903828e-69,1.000000e+00
3.250000e-13,6.627742e-30,1.266367e-68,1.000000e+00
3.700000e-13,1.256683e-29,4.554625e-68,1.000000e+00
4.150000e-13,2.211787e-29,1.412448e-67,1.000000e+00
4.600000e-13,3.669566e-29,3.927346e-67,1.000000e+00
5.050000e-13,5.802764e-29,9.959540e-67,1.000000e+00
5.500000e-13,8.817669e-29,2.326040e-66,1.000000e+00
5.950000e-13,1.295645e-28,5.062068e-66,1.000000e+00
6.400000e-13,1.849964e-28,1.039302e-65,1.000000e+00
6.850000e-13,2.576847e-28,2.031372e-65,1.000000e+00
7.300000e-13,3.512640e-28,3.818091e-65,1.000000e+00
7.750000e-13,4.698126e-28,6.907092e-65,1.000000e+00
8.200000e-13,6.178679e-28,1.207230e-64,1.000000e+00
8.650000e-13,8.004414e-28,2.045122e-64,1.000000e+00
9.100000e-13,1.023031e-27,3.372504e-64,1.000000e+00
9.550000e-13,1.291636e-27,5.429733e-64,1.000000e+00
1.000000e-12,1.612774e-27,8.552964e-64,1.000000e+00
1.450000e-12,9.536420e-27,3.342334e-62,1.000000e+00
1.900000e-12,3.405063e-26,4.738810e-61,1.000000e+00
2.350000e-12,9.126872e-26,3.781649e-60,1.000000e+00
2.800000e-12,2.033245e-25,2.079897e-59,1.000000e+00
3.250000e-12,3.981101e-25,8.813361e-59,1.000000e+00
3.700000e-12,7.088100e-25,3.079696e-58,1.000000e+00
4.150000e-12,1.173338e-24,9.278366e-58,1.000000e+00
4.600000e-12,1.833743e-24,2.485278e-57,1.000000e+00
5.050000e-12,2.735628e-24,6.050827e-57,1.000000e+00
5.500000e-12,3.927608e-24,1.361203e-56,1.000000e+00
5.950000e-12,5.460815e-24,2.865138e-56,1.000000e+00
6.400000e-12,7.388464e-24,5.698133e-56,1.000000e+00
6.850000e-12,9.765469e-24,1.079111e-55,1.000000e+00
7.300000e-12,1.264812e-23,1.958309e-55,1.000000e+00
7.750000e-12,1.609381e-23,3.423107e-55,1.000000e+00
8.200000e-12,2.016078e-23,5.788228e-55,1.000000e+00
8.650000e-12,2.490798e-23,9.502081e-55,1.000000e+00
9.100000e-12,3.039484e-23,1.519019e-54,1.000000e+00
9.550000e-12,3.668119e-23,2.370884e-54,1.000000e+00
1.000000e-11,4.382716e-23,3.621044e-54,1.000000e+00
1.450000e-11,1.758692e-22,1.055901e-52,1.000000e+00
1.900000e-11,4.603693e-22,1.165424e-51,1.000000e+00
2.350000e-11,9.574860e-22,7.463807e-51,1.000000e+00
2.800000e-11,1.727171e-21,3.379283e-50,1.000000e+00
3.250000e-11,2.829381e-21,1.203960e-49,1.000000e+00
3.700000e-11,4.324169e-21,3.600112e-49,1.000000e+00
4.150000e-11,6.271716e-21,9.419935e-49,1.000000e+00
4.600000e-11,8.732339e-21,2.219121e-48,1.000000e+00
5.050000e-11,1.176649e-20,4.803213e-48,1.000000e+00
5.500000e-11,1.543477e-20,9.696310e-48,1.000000e+00
5.950000e-11,1.979789e-20,1.846386e-47,1.000000e+00
6.400000e-11,2.491674e-20,3.345797e-47,1.000000e+00
6.850000e-11,3.085232e-20,5.809859e-47,1.000000e+00
7.300000e-11,3.766577e-20,9.721960e-47,1.000000e+00
7.750000e-11,4.541838e-20,1.574871e-46,1.000000e+00
8.200000e-11,5.417156e-20,2.479263e-46,1.000000e+00
8.650000e-11,6.398689e-20,3.805133e-46,1.000000e+00
9.100000e-11,7.492605e-20,5.707891e-46,1.000000e+00
9.550000e-11,8.705088e-20,8.386807e-46,1.000000e+00
1.000000e-10,1.004234e-19,1.209776e-45,1.000000e+00
1.450000e-10,3.165104e-19,2.386200e-44,1.000000e+00
1.900000e-10,7.265859e-19,1.943303e-43,1.000000e+00
2.350000e-10,1.394944e-18,1.013281e-42,1.000000e+00
2.800000e-10,2.387212e-18,3.788036e-42,1.000000e+00
3.250000e-10,3.770305e-18,1.133987e-41,1.000000e+00
3.700000e-10,5.612617e-18,2.948324e-41,1.000000e+00
4.150000e-10,7.984151e-18,6.979265e-41,1.000000e+00
4.600000e-10,1.095564e-17,1.482078e-40,1.000000e+00
5.050000e-10,1.459946e-17,2.904085e-40,1.000000e+00
5.500000e-10,1.898938e-17,5.380425e-40,1.000000e+00
5.950000e-10,2.420026e-17,9.438408e-40,1.000000e+00
6.400000e-10,3.030873e-17,1.590679e-39,1.000000e+00
6.850000e-10,3.739263e-17,2.587924e-39,1.000000e+00
7.300000e-10,4.553119e-17,4.079049e-39,1.000000e+00
7.750000e-10,5.480485e-17,6.259650e-39,1.000000e+00
8.200000e-10,6.529543e-17,9.370618e-39,1.000000e+00
8.650000e-10,7.708599e-17,1.372075e-38,1.000000e+00
9.100000e-10,9.026094e-17,1.970398e-38,1.000000e+00
9.550000e-10,1.049060e-16,2.783858e-38,1.000000e+00
1.000000e-09,1.211081e-16,3.881725e-38,1.000000e+00
1.450000e-09,3.888314e-16,5.382074e-37,1.000000e+00
1.900000e-09,9.174341e-16,3.525533e-36,1.000000e+00
2.350000e-09,1.814538e-15,1.532883e-35,1.000000e+00
2.800000e-09,3.199514e-15,5.101008e-35,1.000000e+00
3.250000e-09,5.202865e-15,1.407802e-34,1.000000e+00
3.700000e-09,7.965574e-15,3.385860e-34,1.000000e+00
4.150000e-09,1.163848e-14,7.326252e-34,1.000000e+00
4.600000e-09,1.638166e-14,1.457823e-33,1.000000e+00
5.050000e-09,2.236376e-14,2.710282e-33,1.000000e+00
5.500000e-09,2.976150e-14,4.763403e-33,1.000000e+00
5.950000e-09,3.875899e-14,7.985376e-33,1.000000e+00
6.400000e-09,4.954726e-14,1.285815e-32,1.000000e+00
6.850000e-09,6.232374e-14,1.999746e-32,1.000000e+00
7.300000e-09,7.729172e-14,3.017382e-32,1.000000e+00
7.750000e-09,9.465993e-14,4.433425e-32,1.000000e+00
8.200000e-09,1.146421e-13,6.362462e-32,1.000000e+00
8.650000e-09,1.374565e-13,8.941229e-32,1.000000e+00
9.100000e-09,1.633258e-13,1.233092e-31,1.000000e+00
9.550000e-09,1.924762e-13,1.671948e-31,1.000000e+00
1.000000e-08,2.251377e-13,2.232393e-31,1.000000e+00
1.450000e-08,7.974039e-13,2.182572e-30,1.000000e+00
1.900000e-08,1.990385e-12,1.073061e-29,1.000000e+00
2.350000e-08,4.059626e-12,3.594151e-29,1.000000e+00
2.800000e-08,7.262300e-12,9.439147e-29,1.000000e+00
3.250000e-08,1.185192e-11,2.097837e-28,1.000000e+00
3.700000e-08,1.807510e-11,4.130737e-28,1.000000e+00
4.150000e-08,2.616936e-11,7.422577e-28,1.000000e+00
4.600000e-08,3.636143e-11,1.241951e-27,1.000000e+00
5.050000e-08,4.886610e-11,1.962848e-27,1.000000e+00
5.500000e-08,6.388550e-11,2.961130e-27,1.000000e+00
5.950000e-08,8.160858e-11,4.297859e-27,1.000000e+00
6.400000e-08,1.022110e-10,6.038384e-27,1.000000e+00
6.850000e-08,1.258553e-10,8.251788e-27,1.000000e+00
7.300000e-08,1.526911e-10,1.101037e-26,1.000000e+00
7.750000e-08,1.828555e-10,1.438918e-26,1.000000e+00
8.200000e-08,2.164737e-10,1.846558e-26,1.000000e+00
8.650000e-08,2.536595e-10,2.331892e-26,1.000000e+00
9.100000e-08,2.945162e-10,2.903017e-26,1.000000e+00
9.550000e-08,3.391370e-10,3.568165e-26,1.000000e+00
1.000000e-07,3.876060e-10,4.335678e-26,1.000000e+00
1.450000e-07,1.097138e-09,1.952204e-25,1.000000e+00
1.900000e-07,2.238531e-09,5.443817e-25,1.000000e+00
2.350000e-07,3.824562e-09,1.177673e-24,1.000000e+00
2.800000e-07,5.857782e-09,2.181499e-24,1.000000e+00
3.250000e-07,8.338289e-09,3.642041e-24,1.000000e+00
3.700000e-07,1.126580e-08,5.645479e-24,1.000000e+00
4.150000e-07,1.464005e-08,8.278103e-24,1.000000e+00
4.600000e-07,1.846085e-08,1.162636e-23,1.000000e+00
5.050000e-07,2.272805e-08,1.577684e-23,1.000000e+00
5.500000e-07,2.744151e-08,2.081633e-23,1.000000e+00
5.950000e-07,3.260109e-08,2.683178e-23,1.000000e+00
6.400000e-07,3.820666e-08,3.391031e-23,1.000000e+00
6.850000e-07,4.425808e-08,4.213920e-23,1.000000e+00
7.300000e-07,5.075524e-08,5.160591e-23,9.999999e-01
7.750000e-07,5.769800e-08,6.239809e-23,9.999999e-01
8.200000e-07,6.508623e-08,7.460354e-23,9.999999e-01
8.650000e-07,7.291979e-08,8.831025e-23,9.999999e-01
9.100000e-07,8.119856e-08,1.036064e-22,9.999999e-01
9.550000e-07,8.992240e-08,1.205802e-22,9.999999e-01
1.000000e-06,9.909119e-08,1.393203e-22,9.999999e-01
1.450000e-06,2.152215e-07,4.434564e-22,9.999998e-01
1.900000e-06,3.756981e-07,1.022846e-21,9.999996e-01
2.350000e-06,5.803835e-07,1.968843e-21,9.999994e-01
2.800000e-06,8.291371e-07,3.374540e-21,9.999992e-01
3.250000e-06,1.121815e-06,5.334770e-21,9.999989e-01
3.700000e-06,1.458272e-06,7.946115e-21,9.999985e-01
4.150000e-06,1.838357e-06,1.130691e-20,9.999982e-01
4.600000e-06,2.261919e-06,1.551725e-20,9.999977e-01
5.050000e-06,2.728803e-06,2.067899e-20,9.999973e-01
5.500000e-06,3.238852e-06,2.689575e-20,9.999968e-01
5.950000e-06,3.791906e-06,3.427293e-20,9.999962e-01
6.400000e-06,4.387802e-06,4.291770e-20,9.999956e-01
6.850000e-06,5.026377e-06,5.293901e-20,9.999950e-01
7.300000e-06,5.707463e-06,6.444759e-20,9.999943e-01
7.750000e-06,6.430891e-06,7.755597e-20,9.999936e-01
8.200000e-06,7.196490e-06,9.237847e-20,9.999928e-01
8.650000e-06,8.004087e-06,1.090312e-19,9.999920e-01
9.100000e-06,8.853506e-06,1.276321e-19,9.999911e-01
9.550000e-06,9.744571e-06,1.483009e-19,9.999903e-01
1.000000e-05,1.067710e-05,1.711590e-19,9.999893e-01
1.450000e-05,2.224255e-05,5.481933e-19,9.999778e-01
1.900000e-05,3.774676e-05,1.291398e-18,9.999623e-01
2.350000e-05,5.699042e-05,2.552605e-18,9.999430e-01
2.800000e-05,7.976846e-05,4.502300e-18,9.999202e-01
3.250000e-05,1.058743e-04,7.329775e-18,9.998941e-01
3.700000e-05,1.351031e-04,1.124323e-17,9.998649e-01
4.150000e-05,1.672543e-04,1.646983e-17,9.998327e-01
4.600000e-05,2.021337e-04,2.325573e-17,9.997979e-01
5.050000e-05,2.395546e-04,3.186608e-17,9.997604e-01
5.500000e-05,2.793387e-04,4.258499e-17,9.997207e-01
5.950000e-05,3.213167e-04,5.571550e-17,9.996787e-01
6.400000e-05,3.653286e-04,7.157956e-17,9.996347e-01
6.850000e-05,4.112238e-04,9.051794e-17,9.995888e-01
7.300000e-05,4.588609e-04,1.128902e-16,9.995411e-01
7.750000e-05,5.081071e-04,1.390746e-16,9.994919e-01
8.200000e-05,5.588388e-04,1.694683e-16,9.994412e-01
8.650000e-05,6.109401e-04,2.044867e-16,9.993891e-01
9.100000e-05,6.643035e-04,2.445640e-16,9.993357e-01
9.550000e-05,7.188285e-04,2.901532e-16,9.992812e-01
1.000000e-04,7.744217e-04,3.417252e-16,9.992256e-01
1.450000e-04,1.372728e-03,1.303363e-15,9.986273e-01
1.900000e-04,2.012352e-03,3.518380e-15,9.979876e-01
2.350000e-04,2.663323e-03,7.762284e-15,9.973367e-01
2.800000e-04,3.310839e-03,1.499805e-14,9.966892e-01
3.250000e-04,3.947488e-03,2.638102e-14,9.960525e-01
3.700000e-04,4.569624e-03,4.326500e-14,9.954304e-01
4.150000e-04,5.175593e-03,6.720901e-14,9.948244e-01
4.600000e-04,5.764827e-03,9.998442e-14,9.942352e-01
5.050000e-04,6.337357e-03,1.435824e-13,9.936626e-01
5.500000e-04,6.893543e-03,2.002213e-13,9.931065e-01
5.950000e-04,7.433921e-03,2.723547e-13,9.925661e-01
6.400000e-04,7.959116e-03,3.626785e-13,9.920409e-01
6.850000e-04,8.469806e-03,4.741393e-13,9.915302e-01
7.300000e-04,8.966938e-03,6.099500e-13,9.910331e-01
7.750000e-04,9.450865e-03,7.735892e-13,9.905491e-01
8.200000e-04,9.922216e-03,9.688021e-13,9.900778e-01
8.650000e-04,1.038159e-02,1.199615e-12,9.896184e-01
9.100000e-04,1.082955e-02,1.470342e-12,9.891705e-01
9.550000e-04,1.126663e-02,1.785593e-12,9.887334e-01
1.000000e-03,1.169333e-02,2.150282e-12,9.883067e-01
1.450000e-03,1.548048e-02,9.829152e-12,9.845195e-01
1.900000e-03,1.860509e-02,3.039571e-11,9.813949e-01
2.350000e-03,2.126421e-02,7.492397e-11,9.787358e-01
2.800000e-03,2.357770e-02,1.591130e-10,9.764223e-01
3.250000e-03,2.562397e-02,3.039728e-10,9.743760e-01
3.700000e-03,2.745724e-02,5.364880e-10,9.725428e-01
4.150000e-03,2.911663e-02,8.902603e-10,9.708834e-01
4.600000e-03,3.063134e-02,1.406132e-09,9.693687e-01
5.050000e-03,3.202375e-02,2.132792e-09,9.679762e-01
5.500000e-03,3.331142e-02,3.127360e-09,9.666886e-01
5.950000e-03,3.450836e-02,4.455963e-09,9.654916e-01
6.400000e-03,3.562598e-02,6.194286e-09,9.643740e-01
6.850000e-03,3.667364e-02,8.428114e-09,9.633263e-01
7.300000e-03,3.765916e-02,1.125386e-08,9.623408e-01
7.750000e-03,3.858910e-02,1.477908e-08,9.614109e-01
8.200000e-03,3.946906e-02,1.912298e-08,9.605309e-01
8.650000e-03,4.030383e-02,2.441686e-08,9.596961e-01
9.100000e-03,4.109755e-02,3.080467e-08,9.589024e-01
9.550000e-03,4.185380e-02,3.844341e-08,9.581462e-01
1.000000e-02,4.257575e-02,4.750359e-08,9.574242e-01
1.450000e-02,4.839006e-02,2.643293e-07,9.516097e-01
1.900000e-02,5.255701e-02,9.271581e-07,9.474421e-01
2.350000e-02,5.576003e-02,2.490544e-06,9.442375e-01
2.800000e-02,5.833156e-02,5.620114e-06,9.416628e-01
3.250000e-02,6.045823e-02,1.121376e-05,9.395306e-01
3.700000e-02,6.225529e-02,2.041171e-05,9.377243e-01
4.150000e-02,6.379897e-02,3.459148e-05,9.361664e-01
4.600000e-02,6.514243e-02,5.534282e-05,9.348022e-01
5.050000e-02,6.632431e-02,8.441735e-05,9.335913e-01
5.500000e-02,6.737372e-02,1.236496e-04,9.325026e-01
5.950000e-02,6.831326e-02,1.748504e-04,9.315119e-01
6.400000e-02,6.916089e-02,2.396785e-04,9.305994e-01
6.850000e-02,6.993124e-02,3.195061e-04,9.297493e-01
7.300000e-02,7.063640e-02,4.152974e-04,9.289483e-01
7.750000e-02,7.128653e-02,5.275212e-04,9.281859e-01
8.200000e-02,7.189022e-02,6.561150e-04,9.274537e-01
8.650000e-02,7.245479e-02,8.005075e-04,9.267447e-01
9.100000e-02,7.298648e-02,9.596916e-04,9.260538e-01
9.550000e-02,7.349058e-02,1.132334e-03,9.253771e-01
1.000000e-01,7.397159e-02,1.316898e-03,9.247115e-01
1.450000e-01,7.809567e-02,3.506035e-03,9.183983e-01
1.900000e-01,8.171195e-02,5.797158e-03,9.124909e-01
2.350000e-01,8.508460e-02,7.985632e-03,9.069298e-01
2.800000e-01,8.825220e-02,1.005520e-02,9.016926e-01
3.250000e-01,9.122948e-02,1.201040e-02,8.967601e-01
3.700000e-01,9.402812e-02,1.385749e-02,8.921144e-01
4.150000e-01,9.665889e-02,1.560255e-02,8.877386e-01
4.600000e-01,9.913188e-02,1.725133e-02,8.836168e-01
5.050000e-01,1.014566e-01,1.880925e-02,8.797342e-01
5.500000e-01,1.036418e-01,2.028141e-02,8.760768e-01
5.950000e-01,1.056961e-01,2.167261e-02,8.726313e-01
6.400000e-01,1.076271e-01,2.298739e-02,8.693855e-01
6.850000e-01,1.094424e-01,2.423001e-02,8.663276e-01
7.300000e-01,1.111488e-01,2.540449e-02,8.634467e-01
7.750000e-01,1.127529e-01,2.651464e-02,8.607325e-01
8.200000e-01,1.142607e-01,2.756403e-02,8.581752e-01
8.650000e-01,1.156782e-01,2.855603e-02,8.557658e-01
9.100000e-01,1.170106e-01,2.949383e-02,8.534956e-01
9.550000e-01,1.182631e-01,3.038043e-02,8.513565e-01
1.000000e+00,1.194404e-01,3.121866e-02,8.493409e-01
1.450000e+00,1.279488e-01,3.746098e-02,8.345902e-01
1.900000e+00,1.325240e-01,4.103794e-02,8.264381e-01
2.350000e+00,1.349782e-01,4.309446e-02,8.219274e-01
2.800000e+00,1.362904e-01,4.428038e-02,8.194293e-01
3.250000e+00,1.369891e-01,4.496617e-02,8.180447e-01
3.700000e+00,1.373594e-01,4.536384e-02,8.172767e-01
4.150000e+00,1.375545e-01,4.559504e-02,8.168505e-01
4.600000e+00,1.376565e-01,4.572980e-02,8.166137e-01
5.050000e+00,1.377094e-01,4.580856e-02,8.164821e-01
5.500000e+00,1.377364e-01,4.585469e-02,8.164089e-01
5.950000e+00,1.377501e-01,4.588179e-02,8.163681e-01
6.400000e+00,1.377569e-01,4.589774e-02,8.163453e-01
6.850000e+00,1.377602e-01,4.590715e-02,8.163327e-01
7.300000e+00,1.377617e-01,4.591272e-02,8.163256e-01
7.750000e+00,1.377624e-01,4.591602e-02,8.163216e-01
8.200000e+00,1.377626e-01,4.591797e-02,8.163194e-01
8.650000e+00,1.377627e-01,4.591914e-02,8.163181e-01
9.100000e+00,1.377627e-01,4.591983e-02,8.163174e-01
9.550000e+00,1.377627e-01,4.592025e-02,8.163170e-01
1.000000e+01,1.377627e-01,4.592050e-02,8.163168e-01
1.450000e+01,1.377626e-01,4.592087e-02,8.163165e-01
1.900000e+01,1.377626e-01,4.592087e-02,8.163165e-01
2.350000e+01,1.377626e-01,4.592087e-02,8.163165e-01
2.800000e+01,1.377626e-01,4.592087e-02,8.163165e-01
3.250000e+01,1.377626e-01,4.592087e-02,8.163165e-01
3.700000e+01,1.377626e-01,4.592087e-02,8.163165e-01
4.150000e+01,1.377626e-01,4.592087e-02,8.163165e-01
4.600000e+01,1.377626e-01,4.592087e-02,8.163165e-01
5.000000e+01,1.377626e-01,4.592087e-02,8.163165e-01
